secs,cad,hr,watts
0,89,130,81
1,88,130,139
2,91,131,169
3,99,131,246
4,107,132,254
5,97,132,201
6,93,132,244
7,89,132,314
8,83,133,351
9,79,133,304
10,76,134,250
11,71,135,259
12,64,136,283
13,61,137,279
14,59,139,305
15,59,140,306
16,56,142,255
17,55,144,303
18,54,145,311
19,55,146,345
20,56,148,343
21,56,149,331
22,55,150,284
23,55,152,267
24,56,153,254
25,56,154,230
26,56,155,229
27,57,156,223
28,57,155,223
29,57,157,170
30,62,157,212
31,64,157,248
32,67,157,304
33,70,157,297
34,73,157,276
35,75,157,258
36,77,157,217
37,77,157,236
38,78,157,210
39,79,158,195
40,79,157,189
41,78,158,190
42,78,158,174
43,78,158,187
44,79,158,198
45,79,158,206
46,80,158,223
47,80,159,231
48,80,159,210
49,81,158,247
50,80,159,217
51,80,159,228
52,80,159,228
53,78,159,236
54,78,159,279
55,78,159,249
56,78,159,230
57,77,159,271
58,77,159,250
59,77,159,265
60,78,159,274
61,78,159,283
62,78,158,289
63,79,159,312
64,83,159,246
65,85,159,249
66,85,159,291
67,85,160,291
68,86,160,287
69,85,159,310
70,84,161,327
71,83,161,303
72,82,161,289
73,81,162,307
74,78,161,322
75,77,162,322
76,76,162,316
77,74,162,299
78,73,163,340
79,72,163,364
80,72,164,342
81,72,164,324
82,71,163,310
83,71,165,276
84,70,165,308
85,70,165,308
86,72,165,304
87,73,165,318
88,77,165,297
89,77,165,284
90,78,165,252
91,79,165,248
92,80,165,209
93,79,165,205
94,80,165,200
95,80,164,204
96,81,165,211
97,85,164,228
98,86,165,217
99,87,165,239
100,80,164,238
101,77,165,227
102,72,164,205
103,74,165,177
104,81,165,206
105,84,164,192
106,90,164,160
107,91,165,162
108,95,164,204
109,96,164,231
110,91,163,233
111,92,163,220
112,91,162,187
113,90,163,195
114,90,162,191
115,89,162,245
116,89,162,252
117,89,162,253
118,87,162,242
119,87,162,201
120,86,162,211
121,85,162,200
122,84,162,195
123,83,162,181
124,83,162,190
125,88,162,169
126,89,161,136
127,93,162,113
128,95,161,116
129,98,161,98
130,100,161,86
131,99,161,87
132,102,161,89
133,105,160,94
134,104,159,106
135,104,159,83
136,105,159,98
137,108,159,105
138,108,159,105
139,108,159,112
140,106,158,102
141,102,158,125
142,97,158,130
143,94,156,134
144,92,157,181
145,91,157,149
146,91,157,141
147,91,156,162
148,92,156,161
149,94,155,148
150,97,155,124
151,98,155,117
152,97,154,123
153,98,154,125
154,97,154,124
155,99,154,118
156,103,154,125
157,105,153,141
158,107,153,115
159,107,152,96
160,106,152,102
161,104,151,101
162,103,151,104
163,100,151,157
164,98,150,150
165,97,150,181
166,95,150,166
167,92,151,168
168,91,151,234
169,91,151,168
170,92,151,246
171,93,151,212
172,92,152,184
173,91,152,225
174,87,152,212
175,86,153,241
176,84,153,309
177,82,153,278
178,81,154,287
179,79,154,281
180,76,155,339
181,74,154,308
182,72,155,318
183,80,156,324
184,83,156,263
185,87,156,226
186,88,157,205
187,87,158,208
188,84,158,250
189,83,158,217
190,85,159,260
191,95,159,215
192,92,159,216
193,90,159,204
194,86,160,230
195,84,160,243
196,82,160,215
197,82,160,291
198,83,160,301
199,80,160,301
200,76,160,337
201,74,160,291
202,74,160,326
203,72,160,212
204,70,161,185
205,67,160,278
206,69,161,284
207,69,162,239
208,69,162,254
209,71,163,140
210,72,162,210
211,76,163,270
212,78,164,269
213,79,163,254
214,79,164,244
215,79,165,254
216,79,165,216
217,80,164,244
218,82,165,267
219,84,166,249
220,83,165,243
221,81,165,224
222,87,165,267
223,87,166,275
224,83,165,215
225,89,165,202
226,92,165,194
227,87,166,172
228,89,165,156
229,93,165,143
230,95,165,157
231,97,165,163
232,102,166,169
233,105,166,159
234,103,165,147
235,103,165,265
236,100,165,194
237,98,165,185
238,97,165,197
239,98,165,186
240,104,165,207
241,105,164,264
242,104,164,210
243,101,164,224
244,100,164,261
245,98,164,298
246,98,164,348
247,98,163,294
248,97,163,260
249,95,163,264
250,95,163,292
251,94,163,277
252,93,163,278
253,92,163,316
254,91,163,303
255,90,163,288
256,91,164,263
257,89,163,215
258,88,164,202
259,87,164,216
260,88,164,198
261,88,164,206
262,89,164,221
263,89,164,180
264,89,164,185
265,88,164,194
266,89,164,203
267,89,163,207
268,90,164,178
269,89,164,215
270,90,164,223
271,97,163,159
272,102,164,186
273,100,164,293
274,95,164,355
275,92,165,378
276,86,165,286
277,92,165,261
278,94,165,237
279,90,164,267
280,91,165,318
281,97,164,195
282,106,165,167
283,109,166,128
284,110,166,106
285,108,166,82
286,106,166,112
287,103,165,131
288,101,166,144
289,100,165,168
290,99,167,194
291,98,167,181
292,99,167,185
293,98,167,178
294,98,167,165
295,98,166,144
296,97,167,179
297,96,166,181
298,95,166,170
299,94,166,176
300,94,165,178
301,96,165,183
302,97,165,191
303,96,165,157
304,95,164,167
305,94,164,196
306,92,164,179
307,92,163,164
308,91,163,201
309,91,162,136
310,90,162,210
311,89,163,176
312,88,163,213
313,89,163,216
314,89,162,201
315,89,163,214
316,89,164,215
317,91,164,216
318,91,164,207
319,93,163,202
320,94,164,174
321,95,164,167
322,96,164,140
323,97,164,132
324,98,164,119
325,97,164,136
326,97,164,128
327,97,164,112
328,95,163,136
329,94,163,212
330,94,163,210
331,94,163,184
332,95,162,206
333,94,161,212
334,95,162,191
335,95,162,193
336,94,160,194
337,95,161,190
338,95,161,184
339,95,160,188
340,94,160,200
341,94,160,202
342,94,159,199
343,93,159,189
344,92,159,193
345,90,158,186
346,88,159,220
347,88,158,245
348,89,159,269
349,88,159,214
350,88,158,181
351,97,158,196
352,98,158,313
353,97,158,342
354,94,158,301
355,93,158,332
356,90,158,287
357,81,159,259
358,86,159,197
359,88,159,190
360,92,159,216
361,93,159,205
362,95,159,178
363,96,159,176
364,96,159,172
365,97,160,197
366,97,160,188
367,96,159,175
368,94,160,202
369,95,160,188
370,95,160,203
371,97,160,222
372,96,160,222
373,95,160,221
374,94,160,222
375,93,161,206
376,93,161,231
377,93,161,249
378,92,161,223
379,92,161,277
380,94,161,303
381,90,161,318
382,88,162,324
383,86,162,317
384,81,162,271
385,80,163,280
386,87,163,302
387,87,163,273
388,87,164,247
389,88,164,259
390,88,164,254
391,89,164,257
392,90,165,261
393,91,165,272
394,92,165,244
395,93,165,219
396,93,165,212
397,92,165,228
398,91,165,247
399,91,165,280
400,92,165,271
401,93,166,258
402,93,166,303
403,93,166,286
404,89,165,257
405,87,166,288
406,86,167,246
407,86,166,264
408,86,167,258
409,88,167,261
410,90,167,199
411,92,167,185
412,97,167,156
413,99,166,166
414,101,167,177
415,103,167,194
416,103,167,155
417,103,167,152
418,102,167,165
419,101,167,154
420,101,167,163
421,101,167,180
422,101,166,169
423,100,165,156
424,99,165,154
425,98,165,206
426,97,165,183
427,98,164,188
428,99,163,192
429,99,163,177
430,100,163,176
431,102,163,162
432,101,163,147
433,103,162,133
434,102,162,141
435,101,162,137
436,101,162,142
437,101,162,146
438,101,163,140
439,102,163,161
440,102,162,191
441,103,162,152
442,102,162,187
443,102,162,199
444,102,162,176
445,101,162,172
446,102,163,227
447,103,162,200
448,102,164,196
449,102,163,185
450,102,163,218
451,102,164,222
452,102,163,212
453,102,165,216
454,102,164,219
455,100,164,228
456,100,164,256
457,99,165,242
458,99,166,261
459,98,165,208
460,99,165,253
461,99,165,215
462,100,165,209
463,100,166,217
464,101,166,179
465,104,166,186
466,103,166,277
467,98,166,250
468,100,165,192
469,100,166,222
470,91,165,221
471,92,165,221
472,94,165,205
473,95,165,196
474,96,166,219
475,96,166,212
476,96,166,280
477,97,166,256
478,97,166,234
479,96,167,213
480,96,166,248
481,96,165,250
482,95,166,220
483,94,165,195
484,94,166,197
485,99,166,192
486,103,165,196
487,101,165,190
488,99,164,204
489,98,165,271
490,99,165,268
491,98,165,304
492,98,165,251
493,98,165,256
494,97,164,243
495,96,165,285
496,96,165,268
497,97,165,232
498,97,166,217
499,97,166,228
500,98,166,243
501,98,167,232
502,98,168,223
503,97,168,238
504,95,167,221
505,94,168,215
506,92,167,177
507,94,168,227
508,97,167,186
509,97,168,233
510,96,169,237
511,95,168,252
512,95,169,296
513,95,168,281
514,95,168,277
515,95,169,300
516,95,169,353
517,96,169,356
518,97,169,342
519,95,169,298
520,94,170,296
521,92,171,277
522,92,171,280
523,91,171,236
524,92,171,253
525,91,172,235
526,91,172,230
527,90,171,232
528,89,171,250
529,90,172,266
530,91,171,262
531,92,171,259
532,92,171,258
533,92,171,260
534,92,171,274
535,92,173,256
536,91,171,295
537,91,171,252
538,91,173,314
539,91,173,302
540,88,173,280
541,87,173,261
542,86,172,248
543,84,173,285
544,83,172,296
545,81,174,318
546,80,173,317
547,79,173,309
548,77,173,321
549,76,174,311
550,75,175,284
551,74,175,302
552,75,175,330
553,76,176,326
554,77,177,327
555,80,176,340
556,81,177,246
557,82,176,221
558,86,177,177
559,87,177,180
560,89,178,242
561,91,179,186
562,92,177,200
563,94,178,157
564,97,177,114
565,99,178,94
566,109,177,164
567,119,177,104
568,94,176,132
569,98,176,141
570,107,175,135
571,113,174,96
572,112,174,125
573,110,174,135
574,105,173,145
575,100,172,176
576,96,172,174
577,94,172,160
578,91,172,181
579,95,172,159
580,95,172,159
581,84,172,285
582,82,171,196
583,80,170,207
584,83,171,312
585,85,171,382
586,85,170,343
587,84,171,258
588,83,170,245
589,82,170,254
590,81,170,251
591,82,171,243
592,85,171,220
593,86,170,224
594,89,170,204
595,90,170,192
596,92,171,189
597,95,170,170
598,100,171,155
599,95,170,169
600,99,170,172
601,106,170,144
602,105,171,121
603,105,171,150
604,99,171,197
605,92,171,187
606,91,171,145
607,88,171,169
608,87,171,180
609,86,171,264
610,86,172,292
611,86,172,224
612,95,172,314
613,93,171,251
614,93,171,285
615,92,170,266
616,90,170,242
617,89,171,292
618,88,170,294
619,90,169,328
620,90,171,316
621,92,170,265
622,93,170,240
623,93,170,239
624,93,170,207
625,93,171,209
626,92,171,238
627,92,170,218
628,91,170,211
629,90,171,213
630,89,171,224
631,89,172,200
632,89,171,205
633,89,171,222
634,91,172,196
635,91,171,230
636,93,171,226
637,94,172,210
638,93,173,204
639,94,171,206
640,94,171,235
641,94,171,184
642,94,171,209
643,94,171,202
644,94,172,204
645,92,172,195
646,91,173,204
647,91,171,269
648,92,171,251
649,92,172,223
650,91,173,240
651,92,173,256
652,91,171,256
653,89,171,173
654,88,172,184
655,88,171,228
656,88,171,233
657,88,171,243
658,89,170,268
659,90,170,232
660,89,170,213
661,90,169,195
662,90,169,204
663,89,169,209
664,90,169,197
665,90,170,187
666,91,169,164
667,92,169,164
668,94,169,160
669,85,170,90
670,85,169,100
671,88,169,106
672,89,170,112
673,92,169,98
674,93,169,88
675,94,169,85
676,96,170,84
677,81,169,43
678,80,168,69
679,83,168,118
680,88,168,129
681,90,168,123
682,92,168,134
683,92,168,129
684,90,167,124
685,88,166,143
686,87,166,179
687,88,167,162
688,88,166,163
689,93,165,133
690,97,165,135
691,97,165,158
692,97,165,130
693,96,164,114
694,96,164,152
695,101,163,175
696,105,164,201
697,101,162,128
698,100,163,146
699,97,163,180
700,99,164,125
701,101,164,166
702,102,164,207
703,96,164,219
704,92,164,176
705,83,164,46
706,122,164,353
707,117,164,292
708,102,166,373
709,92,166,335
710,95,167,311
711,93,167,461
712,93,166,432
713,91,167,424
714,89,168,418
715,93,168,333
716,86,170,351
717,84,170,346
718,87,170,353
719,92,171,377
720,94,171,355
721,92,171,371
722,87,172,370
723,86,173,415
724,85,174,404
725,85,174,417
726,81,175,441
727,84,175,449
728,89,174,414
729,88,176,402
730,86,175,409
731,83,176,442
732,85,177,414
733,86,177,430
734,86,178,433
735,84,178,412
736,84,179,415
737,89,179,380
738,96,178,337
739,95,179,331
740,94,180,298
741,93,181,348
742,93,181,325
743,92,181,314
744,91,180,308
745,88,180,368
746,90,181,335
747,90,182,318
748,89,181,309
749,96,181,326
750,97,181,278
751,89,181,259
752,91,181,276
753,98,181,246
754,94,181,232
755,95,182,215
756,97,181,222
757,99,182,200
758,98,183,234
759,98,182,221
760,109,182,183
761,106,181,250
762,101,181,283
763,103,181,310
764,98,181,323
765,92,181,354
766,92,181,355
767,88,181,361
768,86,181,360
769,88,181,383
770,87,183,366
771,85,182,344
772,86,182,337
773,86,184,326
774,86,183,312
775,86,184,317
776,85,183,299
777,85,185,304
778,85,184,248
779,83,185,295
780,88,184,317
781,87,186,239
782,74,186,333
783,83,185,268
784,88,186,240
785,87,185,269
786,90,185,245
787,91,185,217
788,91,185,212
789,92,185,221
790,91,185,232
791,91,185,212
792,89,185,209
793,90,185,244
794,90,185,261
795,88,185,238
796,85,185,231
797,89,185,215
798,87,184,223
799,82,184,255
800,91,184,299
801,90,184,254
802,89,184,289
803,87,184,257
804,87,184,266
805,88,184,280
806,88,184,277
807,86,184,283
808,85,184,317
809,85,184,311
810,85,184,322
811,85,184,325
812,85,185,330
813,83,185,315
814,82,185,323
815,83,185,308
816,80,185,305
817,79,185,326
818,79,185,319
819,81,185,335
820,80,185,313
821,79,186,304
822,78,186,294
823,78,186,301
824,75,186,245
825,75,187,256
826,77,186,231
827,81,186,302
828,80,186,286
829,84,186,299
830,83,187,269
831,80,186,282
832,82,186,301
833,81,186,270
834,82,186,303
835,82,186,292
836,81,186,295
837,83,186,328
838,84,186,315
839,83,186,283
840,76,186,276
841,80,187,286
842,84,187,231
843,84,187,210
844,82,187,232
845,85,188,260
846,88,188,259
847,86,187,253
848,88,186,244
849,88,187,203
850,77,186,220
851,82,186,194
852,89,185,262
853,92,185,223
854,76,185,213
855,80,185,231
856,79,185,205
857,87,185,231
858,88,185,223
859,89,185,264
860,86,186,279
861,86,184,275
862,86,186,271
863,85,185,266
864,82,185,291
865,85,186,323
866,88,186,320
867,87,186,296
868,87,185,293
869,86,185,297
870,86,185,273
871,87,185,255
872,85,185,257
873,84,185,253
874,85,185,247
875,86,186,212
876,87,186,229
877,85,186,228
878,85,186,226
879,87,186,267
880,87,186,265
881,85,186,209
882,88,186,267
883,87,186,242
884,87,186,247
885,86,186,258
886,85,187,237
887,85,186,275
888,83,186,260
889,82,186,262
890,76,186,241
891,76,186,230
892,76,186,249
893,74,186,198
894,71,186,204
895,69,186,286
896,69,186,286
897,74,186,278
898,75,186,292
899,77,186,299
900,76,186,282
901,71,186,250
902,72,186,278
903,84,186,225
904,82,187,198
905,83,187,219
906,97,186,187
907,100,185,132
908,89,185,310
909,92,185,249
910,80,185,307
911,85,185,322
912,85,185,268
913,83,185,220
914,81,185,222
915,78,184,233
916,78,185,221
917,75,184,229
918,83,184,255
919,85,184,149
920,85,184,153
921,80,184,139
922,82,184,148
923,86,184,148
924,87,185,138
925,88,183,134
926,89,183,154
927,87,183,137
928,71,182,63
929,76,182,123
930,82,182,132
931,91,182,86
932,95,181,73
933,102,182,88
934,103,181,66
935,91,181,80
936,90,180,84
937,98,180,70
938,108,180,66
939,105,180,114
940,102,180,138
941,98,179,230
942,101,180,189
943,99,179,188
944,102,179,224
945,100,179,267
946,99,179,258
947,97,178,281
948,93,178,292
949,89,178,312
950,97,179,394
951,97,180,340
952,98,180,391
953,97,179,348
954,92,179,357
955,91,179,387
956,89,179,347
957,91,180,323
958,90,180,286
959,82,180,221
960,81,181,84
961,67,181,95
962,74,180,171
963,84,180,227
964,91,181,149
965,84,181,140
966,95,180,174
967,101,180,179
968,102,180,149
969,109,180,117
970,114,180,82
971,94,180,116
972,95,180,101
973,99,179,112
974,100,179,110
975,99,178,121
976,97,178,131
977,96,178,126
978,93,178,163
979,108,178,106
980,107,178,105
981,100,177,111
982,90,177,189
983,85,177,173
984,87,178,161
985,102,176,176
986,97,177,202
987,91,176,184
988,87,176,187
989,84,175,175
990,80,175,169
991,86,175,215
992,91,175,155
993,94,175,140
994,100,174,144
995,98,174,144
996,95,174,162
997,100,173,177
998,99,173,180
999,96,174,259
1000,101,173,313
1001,97,173,343
1002,93,173,384
1003,94,173,377
1004,96,173,383
1005,94,173,324
1006,91,174,355
1007,94,174,333
1008,87,174,157
1009,79,175,182
1010,86,175,165
1011,76,175,148
1012,91,175,152
1013,96,175,165
1014,82,176,97
1015,67,176,93
1016,68,175,152
1017,70,175,195
1018,71,175,98
1019,70,175,81
1020,69,175,101
1021,72,175,142
1022,79,175,79
1023,84,175,43
1024,89,174,71
1025,97,174,67
1026,101,173,35
1027,101,173,43
1028,101,173,36
1029,83,173,35
1030,90,172,55
1031,97,172,112
1032,83,171,30
1033,86,171,101
1034,91,170,128
1035,92,170,132
1036,85,170,164
1037,93,170,163
1038,95,170,133
1039,95,169,162
1040,95,169,139
1041,93,169,136
1042,92,169,201
1043,92,168,205
1044,91,168,205
1045,94,168,241
1046,99,168,202
1047,98,169,208
1048,95,168,261
1049,94,168,268
1050,99,169,209
1051,101,168,292
1052,99,168,348
1053,97,169,327
1054,92,169,354
1055,90,169,348
1056,87,169,289
1057,85,170,193
1058,81,170,143
1059,79,170,144
1060,80,171,149
1061,80,171,134
1062,87,171,165
1063,90,171,169
1064,84,171,149
1065,84,171,144
1066,84,171,155
1067,88,171,167
1068,90,171,121
1069,84,172,173
1070,82,171,167
1071,80,170,182
1072,79,170,157
1073,79,170,155
1074,79,170,183
1075,80,170,204
1076,80,170,231
1077,82,170,242
1078,82,169,212
1079,82,169,209
1080,82,169,200
1081,82,169,220
1082,81,169,216
1083,83,169,225
1084,84,169,211
1085,84,169,219
1086,84,169,208
1087,83,169,201
1088,82,169,221
1089,80,169,203
1090,80,170,252
1091,78,168,233
1092,79,168,206
1093,78,168,179
1094,78,168,125
1095,86,168,125
1096,90,168,128
1097,81,167,106
1098,80,167,116
1099,79,167,152
1100,76,167,186
1101,76,167,197
1102,75,167,168
1103,74,167,171
1104,74,167,161
1105,73,167,139
1106,73,167,127
1107,75,167,94
1108,79,167,126
1109,87,166,138
1110,76,167,48
1111,75,165,115
1112,81,166,80
1113,87,165,80
1114,90,165,85
1115,89,165,88
1116,91,165,94
1117,93,164,111
1118,91,164,61
1119,89,164,115
1120,92,164,109
1121,93,163,95
1122,92,163,85
1123,91,163,110
1124,91,162,100
1125,91,161,117
1126,94,162,104
1127,95,161,104
1128,97,161,125
1129,97,160,117
1130,100,160,112
1131,97,159,128
1132,94,160,160
1133,94,159,157
1134,91,159,146
1135,93,159,179
1136,91,159,217
1137,90,158,210
1138,86,159,208
1139,88,159,229
1140,85,159,233
1141,82,159,236
1142,78,159,185
1143,76,161,206
1144,74,160,188
1145,75,161,184
1146,77,160,144
1147,78,160,180
1148,77,160,193
1149,77,161,202
1150,83,161,168
1151,84,161,192
1152,82,161,213
1153,81,162,201
1154,80,162,184
1155,80,162,205
1156,81,163,187
1157,80,163,164
1158,81,163,221
1159,82,163,219
1160,83,163,202
1161,83,164,202
1162,82,164,190
1163,81,164,214
1164,81,164,200
1165,80,164,238
1166,85,164,175
1167,88,164,170
1168,85,164,189
1169,84,164,169
1170,82,164,191
1171,81,164,216
1172,81,164,219
1173,82,164,245
1174,82,164,229
1175,84,165,224
1176,78,164,190
1177,79,165,195
1178,81,164,222
1179,83,164,224
1180,84,164,208
1181,85,164,195
1182,85,164,191
1183,85,165,149
1184,84,165,171
1185,82,165,190
1186,80,165,187
1187,80,165,182
1188,79,165,183
1189,80,165,179
1190,80,166,197
1191,81,166,203
1192,82,166,221
1193,82,166,244
1194,83,166,209
1195,82,166,204
1196,83,166,188
1197,86,166,160
1198,87,167,192
1199,87,167,168
1200,88,167,157
1201,88,167,168
1202,89,167,171
1203,88,166,137
1204,86,166,144
1205,86,167,138
1206,83,167,124
1207,83,166,125
1208,84,165,165
1209,86,165,152
1210,87,165,188
1211,87,165,186
1212,87,164,177
1213,87,164,175
1214,86,165,225
1215,84,164,281
1216,76,164,178
1217,71,164,116
1218,66,165,205
1219,61,166,198
1220,57,166,198
1221,57,165,198
1222,52,166,261
1223,52,168,261
1224,55,166,243
1225,59,167,287
1226,61,167,161
1227,69,168,181
1228,80,167,145
1229,84,167,169
1230,87,168,143
1231,86,168,155
1232,85,168,155
1233,85,168,223
1234,82,168,247
1235,85,169,250
1236,84,168,266
1237,84,168,254
1238,84,168,262
1239,84,168,272
1240,80,168,320
1241,81,168,335
1242,78,169,312
1243,77,169,338
1244,76,169,231
1245,77,169,290
1246,75,170,265
1247,87,170,190
1248,82,170,123
1249,68,170,155
1250,85,171,226
1251,90,171,151
1252,95,171,108
1253,97,171,116
1254,97,171,113
1255,93,171,108
1256,101,171,169
1257,94,172,165
1258,94,171,304
1259,91,171,306
1260,91,172,302
1261,92,172,335
1262,93,173,391
1263,93,172,384
1264,93,172,367
1265,90,172,345
1266,82,172,389
1267,85,173,437
1268,88,173,457
1269,90,173,431
1270,97,174,369
1271,97,174,351
1272,94,174,307
1273,108,175,272
1274,91,175,69
1275,77,176,130
1276,82,176,111
1277,87,176,92
1278,94,176,128
1279,98,176,173
1280,81,177,192
1281,86,177,183
1282,88,177,220
1283,90,178,252
1284,87,177,225
1285,86,177,215
1286,85,177,230
1287,84,177,223
1288,84,178,227
1289,86,176,304
1290,85,176,256
1291,83,176,235
1292,81,176,225
1293,81,176,217
1294,79,176,209
1295,80,176,219
1296,82,177,167
1297,80,176,136
1298,87,175,161
1299,93,175,126
1300,94,175,111
1301,90,175,115
1302,88,175,133
1303,86,175,148
1304,83,175,164
1305,83,175,151
1306,91,175,113
1307,90,174,114
1308,82,174,159
1309,83,174,73
1310,85,174,124
1311,94,173,105
1312,97,173,93
1313,99,173,94
1314,105,173,98
1315,99,172,139
1316,97,172,129
1317,94,172,179
1318,92,171,287
1319,93,171,248
1320,95,171,298
1321,95,171,323
1322,94,171,318
1323,92,171,267
1324,90,171,300
1325,84,171,308
1326,82,171,293
1327,87,171,179
1328,82,171,176
1329,77,170,150
1330,75,171,171
1331,79,171,137
1332,82,171,169
1333,82,170,165
1334,85,171,185
1335,90,171,173
1336,92,171,177
1337,95,171,174
1338,94,171,176
1339,86,171,247
1340,90,171,180
1341,89,171,118
1342,88,172,129
1343,87,171,157
1344,84,172,229
1345,84,171,178
1346,89,171,10
1347,92,171,33
1348,89,171,217
1349,81,171,327
1350,75,171,268
1351,70,171,305
1352,66,171,267
1353,58,171,122
1354,47,171,142
1355,49,171,218
1356,49,171,218
1357,52,172,232
1358,77,171,158
1359,86,171,151
1360,81,171,147
1361,81,170,176
1362,80,170,189
1363,79,171,209
1364,79,169,239
1365,76,169,201
1366,76,169,191
1367,75,169,170
1368,73,169,170
1369,73,169,171
1370,71,169,163
1371,74,169,162
1372,76,169,126
1373,80,169,136
1374,82,169,119
1375,83,168,151
1376,84,168,152
1377,84,168,153
1378,87,168,119
1379,88,168,161
1380,84,168,191
1381,83,168,215
1382,82,168,234
1383,79,168,168
1384,83,167,191
1385,86,167,190
1386,86,167,194
1387,86,168,207
1388,85,167,183
1389,85,167,179
1390,83,166,193
1391,83,166,206
1392,82,166,168
1393,80,166,197
1394,80,166,209
1395,79,166,191
1396,84,166,191
1397,86,166,183
1398,86,166,172
1399,86,167,205
1400,86,166,177
1401,85,166,203
1402,85,166,198
1403,84,166,178
1404,84,167,208
1405,83,165,183
1406,84,165,240
1407,85,165,251
1408,85,165,268
1409,85,165,302
1410,85,165,292
1411,84,165,246
1412,82,165,225
1413,80,165,199
1414,80,166,264
1415,82,166,250
1416,85,166,220
1417,86,166,170
1418,89,167,170
1419,90,167,194
1420,91,167,206
1421,90,167,197
1422,88,167,192
1423,85,167,202
1424,87,167,204
1425,88,167,139
1426,89,167,160
1427,90,167,167
1428,91,168,142
1429,91,167,161
1430,91,167,180
1431,91,167,151
1432,90,167,168
1433,90,167,170
1434,90,166,194
1435,92,166,190
1436,92,166,207
1437,93,167,159
1438,94,165,191
1439,93,165,177
1440,92,165,156
1441,92,165,178
1442,93,165,195
1443,93,165,169
1444,93,165,182
1445,93,165,164
1446,92,165,226
1447,92,166,265
1448,93,166,255
1449,95,166,242
1450,96,166,240
1451,98,166,249
1452,100,166,327
1453,103,167,231
1454,99,167,262
1455,94,168,258
1456,87,168,217
1457,85,168,216
1458,85,168,333
1459,91,168,350
1460,102,169,309
1461,110,169,315
1462,112,169,287
1463,118,170,298
1464,117,170,339
1465,119,170,245
1466,119,171,245
1467,99,171,353
1468,95,172,346
1469,90,173,388
1470,88,173,327
1471,85,174,272
1472,83,174,198
1473,80,175,136
1474,77,175,200
1475,77,177,166
1476,77,177,158
1477,81,176,208
1478,81,176,178
1479,80,177,170
1480,78,176,159
1481,77,176,145
1482,77,176,186
1483,78,176,176
1484,78,176,196
1485,80,176,149
1486,80,176,181
1487,79,176,160
1488,79,175,152
1489,80,176,146
1490,84,174,257
1491,80,175,206
1492,78,174,234
1493,73,174,219
1494,71,174,192
1495,68,174,185
1496,65,174,154
1497,61,175,156
1498,59,175,155
1499,58,175,145
1500,60,175,152
1501,63,174,170
1502,65,174,129
1503,65,174,138
1504,66,175,85
1505,68,174,154
1506,74,175,186
1507,77,174,233
1508,80,174,189
1509,79,174,191
1510,79,174,191
1511,71,174,154
1512,72,173,176
1513,71,173,113
1514,70,173,124
1515,71,174,197
1516,73,172,249
1517,75,172,217
1518,77,172,208
1519,78,172,222
1520,77,172,228
1521,78,172,242
1522,77,172,204
1523,78,172,194
1524,78,172,173
1525,77,172,149
1526,77,173,174
1527,77,171,170
1528,78,172,167
1529,80,171,183
1530,81,171,152
1531,82,171,166
1532,83,171,178
1533,83,171,163
1534,83,171,193
1535,83,171,196
1536,82,171,177
1537,84,171,187
1538,84,170,149
1539,85,170,186
1540,85,172,164
1541,85,170,194
1542,86,170,189
1543,87,170,190
1544,88,170,185
1545,87,170,157
1546,87,171,181
1547,87,170,194
1548,88,170,217
1549,88,169,220
1550,89,169,197
1551,88,170,192
1552,88,169,210
1553,88,169,203
1554,88,169,194
1555,88,169,196
1556,88,169,209
1557,89,169,196
1558,89,169,197
1559,90,168,240
1560,96,169,236
1561,99,168,260
1562,106,168,256
1563,112,169,248
1564,114,169,295
1565,116,169,319
1566,107,169,329
1567,102,169,275
1568,90,170,188
1569,80,170,129
1570,71,172,123
1571,69,171,118
1572,74,171,150
1573,75,171,166
1574,77,171,153
1575,79,172,108
1576,80,172,121
1577,80,172,118
1578,80,172,137
1579,81,172,181
1580,81,171,118
1581,82,170,208
1582,82,170,181
1583,83,170,224
1584,84,170,198
1585,85,169,219
1586,87,169,164
1587,88,170,160
1588,87,169,160
1589,87,169,176
1590,87,169,159
1591,86,169,173
1592,85,170,207
1593,85,170,166
1594,87,169,167
1595,91,170,184
1596,88,170,171
1597,84,168,135
1598,84,168,163
1599,82,169,176
1600,81,168,184
1601,80,167,183
1602,80,167,179
1603,78,167,179
1604,80,167,160
1605,83,167,141
1606,82,167,152
1607,82,166,179
1608,83,166,223
1609,84,166,189
1610,86,166,180
1611,86,166,180
1612,88,166,194
1613,88,166,187
1614,87,166,177
1615,86,166,172
1616,85,166,180
1617,86,166,179
1618,86,165,196
1619,86,165,199
1620,87,165,172
1621,86,165,179
1622,85,165,185
1623,82,165,201
1624,81,166,203
1625,85,165,190
1626,86,165,176
1627,88,165,210
1628,88,165,227
1629,89,166,247
1630,91,167,280
1631,93,166,215
1632,93,166,193
1633,89,168,197
1634,87,168,242
1635,85,168,217
1636,93,167,273
1637,91,167,238
1638,90,168,222
1639,89,168,186
1640,89,168,174
1641,89,168,161
1642,89,168,152
1643,89,168,178
1644,75,169,195
1645,83,169,195
1646,95,169,190
1647,97,169,141
1648,99,169,179
1649,102,169,116
1650,105,169,119
1651,99,169,158
1652,95,169,188
1653,98,170,176
1654,100,170,186
1655,96,169,155
1656,94,170,219
1657,92,169,298
1658,90,169,317
1659,85,169,282
1660,72,168,302
1661,69,169,335
1662,66,169,327
1663,62,169,268
1664,57,169,274
1665,53,170,266
1666,53,170,266
1667,49,171,242
1668,45,172,213
1669,45,172,213
1670,42,172,191
1671,43,171,233
1672,49,172,198
1673,52,172,183
1674,59,172,224
1675,64,172,150
1676,67,172,204
1677,71,172,234
1678,76,172,222
1679,77,172,201
1680,77,172,185
1681,76,172,137
1682,75,172,211
1683,78,173,227
1684,80,172,229
1685,85,171,267
1686,87,173,264
1687,85,172,231
1688,80,171,232
1689,81,172,267
1690,82,172,264
1691,82,173,232
1692,82,172,211
1693,82,173,167
1694,82,173,143
1695,81,172,178
1696,81,173,188
1697,80,173,190
1698,79,173,185
1699,78,174,192
1700,78,172,190
1701,77,172,147
1702,77,172,170
1703,78,173,173
1704,78,172,169
1705,84,172,140
1706,85,172,169
1707,85,172,164
1708,85,172,240
1709,84,172,227
1710,85,173,209
1711,85,171,219
1712,85,171,224
1713,86,171,218
1714,85,171,215
1715,86,171,179
1716,85,171,194
1717,85,171,209
1718,85,170,198
1719,84,170,195
1720,85,170,201
1721,85,170,184
1722,86,170,183
1723,86,170,182
1724,86,170,173
1725,86,169,162
1726,85,169,165
1727,85,169,182
1728,85,169,168
1729,85,169,174
1730,86,169,155
1731,86,169,168
1732,86,168,155
1733,86,168,137
1734,85,168,151
1735,85,168,152
1736,84,168,160
1737,82,168,158
1738,82,168,155
1739,82,167,163
1740,84,167,145
1741,85,167,139
1742,87,167,173
1743,89,166,172
1744,90,166,170
1745,89,166,184
1746,89,166,152
1747,88,165,189
1748,88,165,189
1749,85,165,187
1750,84,165,211
1751,85,165,230
1752,85,165,239
1753,84,165,195
1754,83,165,218
1755,83,165,255
1756,82,165,230
1757,79,165,205
1758,80,165,200
1759,81,165,160
1760,80,166,120
1761,80,165,187
1762,81,166,196
1763,81,166,170
1764,80,166,161
1765,79,166,147
1766,82,167,69
1767,83,167,160
1768,84,167,228
1769,85,167,178
1770,86,167,169
1771,86,167,190
1772,88,168,233
1773,88,168,211
1774,86,168,206
1775,92,168,143
1776,91,168,198
1777,92,168,182
1778,90,168,251
1779,88,168,285
1780,86,168,285
1781,89,168,264
1782,84,169,286
1783,82,170,344
1784,88,169,288
1785,89,170,368
1786,90,170,272
1787,92,170,313
1788,97,172,304
1789,99,172,335
1790,94,172,332
1791,92,172,341
1792,91,173,367
1793,91,173,344
1794,92,173,373
1795,92,174,373
1796,92,174,337
1797,89,174,349
1798,89,175,329
1799,87,175,313
1800,87,175,343
1801,87,177,310
1802,83,176,301
1803,83,176,283
1804,89,176,292
1805,85,177,239
1806,83,178,238
1807,87,177,203
1808,85,177,180
1809,73,177,127
1810,89,177,122
1811,78,177,46
1812,92,177,142
1813,91,177,93
1814,80,177,166
1815,80,178,185
1816,81,177,178
1817,79,176,194
1818,79,176,148
1819,77,176,138
1820,76,176,156
1821,79,176,146
1822,81,176,141
1823,90,176,134
1824,96,175,176
1825,97,175,171
1826,92,175,135
1827,93,174,154
1828,95,174,227
1829,99,173,277
1830,102,173,288
1831,104,173,264
1832,104,173,243
1833,102,174,276
1834,102,174,382
1835,99,174,310
1836,95,174,341
1837,99,174,299
1838,93,174,283
1839,93,175,329
1840,87,174,247
1841,79,175,209
1842,74,175,115
1843,75,175,131
1844,77,175,192
1845,80,177,191
1846,86,176,147
1847,86,176,133
1848,83,176,142
1849,84,175,163
1850,85,176,142
1851,85,176,131
1852,82,175,131
1853,73,175,109
1854,84,175,140
1855,91,175,161
1856,97,174,120
1857,97,174,147
1858,98,174,147
1859,94,175,141
1860,87,173,154
1861,87,173,140
1862,87,173,152
1863,88,173,192
1864,87,174,153
1865,86,172,166
1866,83,172,163
1867,82,172,155
1868,81,172,184
1869,85,172,200
1870,94,172,234
1871,97,171,251
1872,106,172,163
1873,109,172,168
1874,108,171,226
1875,109,172,183
1876,107,172,166
1877,110,173,272
1878,109,172,254
1879,107,172,260
1880,105,172,290
1881,103,172,313
1882,103,172,335
1883,105,173,376
1884,104,173,285
1885,101,175,355
1886,99,174,318
1887,101,174,358
1888,102,175,418
1889,92,175,382
1890,75,175,335
1891,67,176,205
1892,58,177,173
1893,58,178,173
1894,51,177,236
1895,47,178,213
1896,53,178,168
1897,59,178,213
1898,63,178,192
1899,66,179,213
1900,69,178,219
1901,73,178,191
1902,78,178,147
1903,79,177,147
1904,80,177,89
1905,80,178,77
1906,81,177,72
1907,81,178,100
1908,82,177,155
1909,86,176,192
1910,88,177,202
1911,93,176,265
1912,94,175,245
1913,82,176,153
1914,82,174,169
1915,82,175,126
1916,83,174,140
1917,82,174,144
1918,82,174,163
1919,83,175,136
1920,82,173,178
1921,82,174,161
1922,83,174,245
1923,86,173,222
1924,87,173,239
1925,89,173,233
1926,92,174,180
1927,101,173,219
1928,110,173,196
1929,113,173,187
1930,114,173,198
1931,114,173,208
1932,110,173,366
1933,105,175,359
1934,98,175,272
1935,85,174,282
1936,85,175,257
1937,80,174,209
1938,82,175,192
1939,83,175,190
1940,85,175,195
1941,85,175,187
1942,87,175,243
1943,88,175,332
1944,91,175,255
1945,91,176,259
1946,90,175,179
1947,88,176,203
1948,89,176,213
1949,89,176,187
1950,90,176,204
1951,91,176,242
1952,91,175,234
1953,93,176,214
1954,93,176,221
1955,93,176,193
1956,91,176,219
1957,91,176,226
1958,91,176,224
1959,91,176,207
1960,91,176,190
1961,91,176,204
1962,92,176,198
1963,92,176,200
1964,93,176,210
1965,93,176,175
1966,93,176,216
1967,96,176,209
1968,97,175,183
1969,97,176,163
1970,97,176,154
1971,97,176,166
1972,97,176,154
1973,98,176,153
1974,98,175,162
1975,95,175,186
1976,94,175,202
1977,94,175,186
1978,93,176,211
1979,94,175,204
1980,94,175,162
1981,93,175,184
1982,90,174,156
1983,91,174,204
1984,94,173,167
1985,94,174,156
1986,93,173,138
1987,101,173,111
1988,108,173,106
1989,112,173,115
1990,111,173,107
1991,109,171,144
1992,106,171,178
1993,100,171,182
1994,92,171,189
1995,85,171,173
1996,93,171,152
1997,96,171,399
1998,85,171,368
1999,77,171,328
2000,69,171,323
2001,62,171,307
2002,53,171,262
2003,54,172,256
2004,56,172,226
2005,66,172,310
2006,74,173,194
2007,80,173,206
2008,83,173,117
2009,84,173,155
2010,90,173,212
2011,89,173,186
2012,82,173,170
2013,82,173,141
2014,84,173,149
2015,83,173,168
2016,79,173,171
2017,86,174,152
2018,95,173,129
2019,104,172,101
2020,110,172,70
2021,111,172,69
2022,109,172,116
2023,106,172,168
2024,104,172,184
2025,98,173,180
2026,94,174,171
2027,89,172,165
2028,84,173,174
2029,81,172,196
2030,87,172,213
2031,88,173,360
2032,90,172,271
2033,87,173,238
2034,84,172,237
2035,84,172,258
2036,83,172,254
2037,78,172,305
2038,75,172,278
2039,68,172,194
2040,62,172,199
2041,59,172,272
2042,60,172,275
2043,59,172,268
2044,59,173,258
2045,61,173,284
2046,65,174,272
2047,64,174,140
2048,65,174,200
2049,68,175,218
2050,71,173,182
2051,70,173,177
2052,68,174,163
2053,69,174,175
2054,73,174,176
2055,77,174,137
2056,74,174,148
2057,68,173,121
2058,69,173,144
2059,71,173,157
2060,80,173,132
2061,74,172,137
2062,76,173,137
2063,80,172,234
2064,84,171,329
2065,85,171,315
2066,94,171,237
2067,95,171,290
2068,95,171,342
2069,86,172,284
2070,79,172,193
2071,92,172,96
2072,77,173,179
2073,69,174,47
2074,64,174,221
2075,77,173,277
2076,85,173,242
2077,87,173,274
2078,89,173,237
2079,88,174,228
2080,87,174,223
2081,87,174,239
2082,87,174,229
2083,87,174,216
2084,86,174,204
2085,86,174,192
2086,97,175,114
2087,92,174,85
2088,80,175,91
2089,69,175,161
2090,81,174,164
2091,84,174,153
2092,82,174,109
2093,78,174,162
2094,80,174,146
2095,82,174,152
2096,82,174,158
2097,76,173,140
2098,80,173,143
2099,88,173,125
2100,91,173,122
2101,85,173,137
2102,83,172,127
2103,80,172,115
2104,81,172,119
2105,81,172,118
2106,88,172,141
2107,92,171,110
2108,88,171,134
2109,91,171,93
2110,94,172,83
2111,91,170,75
2112,89,170,108
2113,92,170,185
2114,92,170,113
2115,90,169,161
2116,89,169,151
2117,88,169,165
2118,87,169,169
2119,87,169,208
2120,89,169,163
2121,90,168,115
2122,82,168,140
2123,74,168,138
2124,66,168,163
2125,68,168,169
2126,72,167,211
2127,77,167,200
2128,82,166,169
2129,80,166,168
2130,84,166,143
2131,86,166,190
2132,86,165,221
2133,86,165,236
2134,86,165,199
2135,86,165,204
2136,86,165,198
2137,86,165,243
2138,84,165,207
2139,80,165,217
2140,78,165,218
2141,76,166,220
2142,75,166,203
2143,76,167,180
2144,76,166,172
2145,76,167,175
2146,76,168,194
2147,76,168,162
2148,77,166,167
2149,77,166,201
2150,79,167,193
2151,79,166,208
2152,79,166,177
2153,79,166,176
2154,79,165,164
2155,80,165,159
2156,82,165,140
2157,82,166,157
2158,83,165,140
2159,82,165,153
2160,83,165,197
2161,82,165,178
2162,82,165,180
2163,83,165,187
2164,83,165,174
2165,82,167,189
2166,82,166,173
2167,82,166,168
2168,82,167,187
2169,82,167,205
2170,83,167,194
2171,82,168,187
2172,81,168,174
2173,79,169,179
2174,78,168,168
2175,77,168,180
2176,76,168,186
2177,82,168,147
2178,81,168,160
2179,82,168,177
2180,82,168,196
2181,83,168,178
2182,82,169,178
2183,82,168,174
2184,81,168,178
2185,83,168,190
2186,85,168,170
2187,84,167,133
2188,84,168,147
2189,82,167,143
2190,82,167,156
2191,82,166,175
2192,82,166,189
2193,82,166,202
2194,83,166,233
2195,86,166,231
2196,86,165,165
2197,86,165,174
2198,86,166,155
2199,86,165,193
2200,86,165,187
2201,86,166,188
2202,86,166,174
2203,87,166,184
2204,86,166,187
2205,87,167,196
2206,86,167,205
2207,86,167,205
2208,85,167,163
2209,84,167,221
2210,85,167,246
2211,85,167,229
2212,86,168,225
2213,88,167,207
2214,88,168,200
2215,89,169,227
2216,90,167,238
2217,88,167,200
2218,85,168,194
2219,88,168,194
2220,88,168,182
2221,86,168,198
2222,84,168,154
2223,81,168,175
2224,81,168,150
2225,82,168,184
2226,83,168,165
2227,83,169,156
2228,83,168,169
2229,83,168,153
2230,74,168,165
2231,76,168,202
2232,78,168,168
2233,79,168,147
2234,82,168,192
2235,83,168,201
2236,84,168,178
2237,85,168,173
2238,85,168,164
2239,85,169,167
2240,83,168,171
2241,84,168,176
2242,97,168,166
2243,86,168,192
2244,83,169,295
2245,72,168,299
2246,56,168,296
2247,56,168,375
2248,55,168,334
2249,55,168,335
2250,52,169,310
2251,43,170,242
2252,40,171,242
2253,59,171,255
2254,69,171,222
2255,75,170,218
2256,80,171,249
2257,72,172,220
2258,66,172,277
2259,77,172,339
2260,78,172,337
2261,79,172,320
2262,75,173,318
2263,73,172,294
2264,75,174,332
2265,77,173,323
2266,76,173,321
2267,76,174,337
2268,77,174,320
2269,78,175,319
2270,77,175,316
2271,76,176,305
2272,75,176,306
2273,73,176,342
2274,73,177,342
2275,72,177,317
2276,71,179,316
2277,70,178,297
2278,64,179,229
2279,57,179,254
2280,59,180,193
2281,59,180,262
2282,61,181,261
2283,61,180,216
2284,60,182,256
2285,60,182,259
2286,59,181,241
2287,56,181,244
2288,60,182,250
2289,60,182,275
2290,61,182,233
2291,60,184,290
2292,62,184,282
2293,68,184,263
2294,78,184,320
2295,71,184,331
2296,71,183,319
2297,71,183,328
2298,71,183,263
2299,67,183,296
2300,60,183,219
2301,57,184,180
2302,61,184,265
2303,63,185,225
2304,66,185,242
2305,72,185,188
2306,69,184,184
2307,73,184,223
2308,78,183,212
2309,80,183,216
2310,76,183,205
2311,83,183,224
2312,79,182,224
2313,80,182,214
2314,80,182,292
2315,80,182,241
2316,77,182,258
2317,79,182,246
2318,77,182,259
2319,77,182,291
2320,80,182,281
2321,80,183,281
2322,77,182,305
2323,74,182,293
2324,79,183,306
2325,82,182,307
2326,76,182,287
2327,76,182,319
2328,74,182,298
2329,66,182,226
2330,57,182,198
2331,57,182,211
2332,59,182,224
2333,60,182,221
2334,60,183,223
2335,60,182,212
2336,59,183,229
2337,59,183,242
2338,58,183,203
2339,58,183,232
2340,59,183,223
2341,59,183,253
2342,62,184,257
2343,64,183,275
2344,66,184,258
2345,63,184,262
2346,64,184,280
2347,64,184,270
2348,63,184,264
2349,59,184,262
2350,59,184,271
2351,57,184,230
2352,56,184,231
2353,63,184,166
2354,64,184,181
2355,71,184,213
2356,73,184,195
2357,73,184,200
2358,74,185,190
2359,74,184,204
2360,74,184,201
2361,75,184,204
2362,71,184,253
2363,74,183,255
2364,73,183,247
2365,74,183,252
2366,77,183,268
2367,76,183,307
2368,80,182,313
2369,80,182,284
2370,74,182,216
2371,58,182,155
2372,57,182,223
2373,59,183,147
2374,62,183,169
2375,60,183,256
2376,61,183,250
2377,63,183,242
2378,61,183,231
2379,60,183,234
2380,61,184,238
2381,59,183,218
2382,59,183,218
2383,59,184,250
2384,57,183,231
2385,56,184,230
2386,54,184,220
2387,54,183,237
2388,56,183,243
2389,59,184,238
2390,65,185,263
2391,64,183,242
2392,62,183,251
2393,61,183,211
2394,61,183,234
2395,57,183,234
2396,56,184,233
2397,54,185,233
2398,55,184,242
2399,56,184,203
2400,57,184,240
2401,57,184,215
2402,57,184,227
2403,55,184,242
2404,55,184,242
2405,56,184,204
2406,51,185,196
2407,51,184,218
2408,54,184,228
2409,57,184,231
2410,55,185,231
2411,54,184,235
2412,54,184,241
2413,55,184,212
2414,55,184,212
2415,53,184,215
2416,55,185,232
2417,55,184,204
2418,54,184,191
2419,53,184,226
2420,52,185,208
2421,52,184,195
2422,52,184,195
2423,50,184,195
2424,51,184,219
2425,54,184,224
2426,56,184,208
2427,55,184,229
2428,55,184,229
2429,56,184,237
2430,60,183,240
2431,69,183,305
2432,73,183,277
2433,75,184,277
2434,73,183,238
2435,66,183,211
2436,61,183,192
2437,52,183,190
2438,52,182,190
2439,51,183,190
2440,49,183,195
2441,50,184,194
2442,50,183,198
2443,50,184,198
2444,51,183,172
2445,51,183,158
2446,49,183,159
2447,48,183,152
2448,46,183,165
2449,46,183,166
2450,46,183,171
2451,46,183,172
2452,47,182,191
2453,46,182,165
2454,46,182,164
2455,46,182,173
2456,48,182,196
2457,52,181,234
2458,54,182,182
2459,51,181,210
2460,51,181,210
2461,50,181,212
2462,53,181,221
2463,54,181,188
2464,53,182,215
2465,50,181,204
2466,52,181,221
2467,52,181,220
2468,52,181,213
2469,52,181,222
2470,52,181,212
2471,55,181,220
2472,53,181,212
2473,50,182,210
2474,50,183,210
2475,51,182,214
2476,51,182,211
2477,54,183,218
2478,57,183,173
2479,56,182,223
2480,57,182,229
2481,58,182,228
2482,58,183,216
2483,57,183,215
2484,57,182,208
2485,55,183,217
2486,55,183,233
2487,55,183,233
2488,52,182,211
2489,53,182,227
2490,56,182,235
2491,56,182,235
2492,54,182,208
2493,50,182,189
2494,50,182,212
2495,56,182,211
2496,55,182,158
2497,60,182,227
2498,65,182,229
2499,66,182,198
2500,63,182,190
2501,61,182,194
2502,60,181,211
2503,64,181,300
2504,62,181,218
2505,51,180,175
2506,50,180,193
2507,49,180,185
2508,49,180,184
2509,49,180,191
2510,51,181,202
2511,52,180,181
2512,53,180,219
2513,52,180,193
2514,51,181,191
2515,51,180,191
2516,50,180,195
2517,51,180,202
2518,48,181,179
2519,48,180,179
2520,47,180,177
2521,46,181,182
2522,47,180,192
2523,49,180,194
2524,62,180,258
2525,65,180,272
2526,64,180,243
2527,61,179,245
2528,60,179,224
2529,57,180,193
2530,52,178,187
2531,52,178,232
2532,55,178,228
2533,65,178,211
2534,68,178,170
2535,69,178,167
2536,70,178,178
2537,77,178,150
2538,75,178,120
2539,77,178,164
2540,80,178,134
2541,92,179,206
2542,82,177,218
2543,74,178,263
2544,69,177,256
2545,62,177,190
2546,51,178,161
2547,47,178,177
2548,49,179,209
2549,52,178,157
2550,52,178,157
2551,53,178,198
2552,55,178,172
2553,49,178,136
2554,52,178,150
2555,50,178,124
2556,59,178,200
2557,65,178,192
2558,67,178,199
2559,67,178,177
2560,66,178,190
2561,68,178,175
2562,72,177,97
2563,68,178,121
2564,63,178,149
2565,67,176,188
2566,68,176,184
2567,69,176,185
2568,67,176,165
2569,53,176,122
2570,49,176,186
2571,50,176,173
2572,50,176,173
2573,51,176,189
2574,57,176,182
2575,57,176,177
2576,54,176,204
2577,52,176,193
2578,54,176,222
2579,53,176,191
2580,53,176,191
2581,50,176,172
2582,48,177,184
2583,49,176,189
2584,48,176,183
2585,49,176,191
2586,49,176,191
2587,49,176,175
2588,48,177,192
2589,50,176,161
2590,51,177,186
2591,51,176,183
2592,51,176,182
2593,51,176,182
2594,53,176,155
2595,54,176,147
2596,57,176,200
2597,63,176,194
2598,64,176,160
2599,59,176,113
2600,59,176,176
2601,58,176,146
2602,59,176,160
2603,61,176,171
2604,63,176,143
2605,64,175,186
2606,69,175,175
2607,69,175,168
2608,68,175,169
2609,68,174,169
2610,67,174,128
2611,66,174,142
2612,70,174,168
2613,76,174,194
2614,77,173,167
2615,77,173,167
2616,79,173,160
2617,79,173,124
2618,78,173,138
2619,79,173,153
2620,67,172,140
2621,64,172,259
2622,70,172,328
2623,75,172,275
2624,76,172,291
2625,77,172,290
2626,77,173,301
2627,78,173,292
2628,78,173,313
2629,78,173,302
2630,79,173,285
2631,78,174,291
2632,80,174,312
2633,82,174,295
2634,81,174,174
2635,78,175,211
2636,78,175,194
2637,75,175,196
2638,75,175,196
2639,78,176,227
2640,79,177,226
2641,79,176,202
2642,77,176,210
2643,79,176,242
2644,78,176,224
2645,79,176,214
2646,80,176,239
2647,92,176,137
2648,74,176,166
2649,81,176,170
2650,74,176,166
2651,77,176,153
2652,78,176,156
2653,81,176,158
2654,77,176,160
2655,78,176,128
2656,78,175,175
2657,82,175,173
2658,82,175,166
2659,73,175,145
2660,82,175,153
2661,84,174,131
2662,79,174,131
2663,79,174,131
2664,77,174,222
2665,80,175,230
2666,80,174,231
2667,81,174,236
2668,79,174,227
2669,79,174,237
2670,81,173,223
2671,80,173,213
2672,80,173,224
2673,80,174,213
2674,81,173,200
2675,82,173,164
2676,80,173,169
2677,80,173,197
2678,79,173,214
2679,78,173,191
2680,77,173,214
2681,79,173,195
2682,78,173,198
2683,86,174,174
2684,83,173,150
2685,82,173,180
2686,82,173,184
2687,76,173,208
2688,79,173,185
2689,78,173,220
2690,79,173,195
2691,77,173,192
2692,75,173,206
2693,78,173,223
2694,78,173,203
2695,78,174,216
2696,79,173,249
2697,81,173,225
2698,82,173,223
2699,80,173,312
2700,78,173,269
2701,75,173,273
2702,76,173,317
2703,79,173,330
2704,77,173,300
2705,80,174,315
2706,77,174,317
2707,76,174,305
2708,77,174,339
2709,79,174,292
2710,77,174,231
2711,67,176,285
2712,71,175,270
2713,72,175,255
2714,73,175,282
2715,76,176,259
2716,79,176,186
2717,77,176,196
2718,75,176,241
2719,75,176,241
2720,75,176,254
2721,75,177,233
2722,71,177,213
2723,69,177,227
2724,66,177,178
2725,58,177,179
2726,64,177,191
2727,69,177,134
2728,92,178,35
2729,90,178,11
2730,101,177,27
2731,103,177,27
2732,70,177,11
2733,68,177,35
2734,66,177,111
2735,68,176,173
2736,68,176,164
2737,72,176,174
2738,72,176,163
2739,74,176,166
2740,75,176,162
2741,75,176,149
2742,75,176,136
2743,71,175,126
2744,62,175,143
2745,55,175,150
2746,53,175,149
2747,53,177,160
2748,51,175,204
2749,51,176,197
2750,51,175,197
2751,49,175,185
2752,49,175,191
2753,49,175,193
2754,48,175,184
2755,48,176,185
2756,47,176,185
2757,49,175,199
2758,55,175,233
2759,55,176,218
2760,54,176,214
2761,54,176,225
2762,57,175,233
2763,56,175,231
2764,56,176,231
2765,54,176,229
2766,53,176,227
2767,54,176,238
2768,56,176,249
2769,58,177,225
2770,60,177,250
2771,64,177,254
2772,61,177,244
2773,61,177,242
2774,61,177,211
2775,57,179,206
2776,54,178,223
2777,53,179,191
2778,53,179,191
2779,49,178,192
2780,45,180,154
2781,42,179,151
2782,47,180,153
2783,62,179,201
2784,71,178,173
2785,71,179,153
2786,73,178,171
2787,76,178,177
2788,75,177,167
2789,74,177,159
2790,74,177,168
2791,77,177,174
2792,74,176,153
2793,73,176,187
2794,77,176,211
2795,76,176,184
2796,78,176,197
2797,78,176,194
2798,73,176,232
2799,76,176,258
2800,79,176,270
2801,81,175,259
2802,81,175,255
2803,80,176,269
2804,80,175,227
2805,78,176,205
2806,76,176,214
2807,76,176,218
2808,76,176,204
2809,83,176,194
2810,84,176,145
2811,83,176,138
2812,80,176,157
2813,80,176,191
2814,81,176,168
2815,79,177,175
2816,76,177,156
2817,74,176,188
2818,75,176,294
2819,78,176,258
2820,79,176,262
2821,79,176,236
2822,77,176,230
2823,76,176,211
2824,74,176,222
2825,72,176,210
2826,72,177,209
2827,72,176,210
2828,71,176,185
2829,71,176,206
2830,72,176,184
2831,73,176,213
2832,76,176,206
2833,74,176,201
2834,71,176,171
2835,67,176,169
2836,57,176,142
2837,53,176,154
2838,50,176,150
2839,49,176,139
2840,49,176,158
2841,49,176,158
2842,46,176,148
2843,48,176,201
2844,48,177,201
2845,48,176,178
2846,47,176,191
2847,46,176,171
2848,46,176,180
2849,46,176,176
2850,46,176,176
2851,54,176,174
2852,60,176,137
2853,69,176,182
2854,71,176,170
2855,71,177,172
2856,72,176,178
2857,69,176,175
2858,66,176,216
2859,67,175,212
2860,72,175,286
2861,78,175,258
2862,77,175,232
2863,77,176,253
2864,72,175,223
2865,58,175,146
2866,50,176,162
2867,50,175,163
2868,51,175,193
2869,50,177,183
2870,49,177,163
2871,47,177,177
2872,48,176,148
2873,48,176,148
2874,53,176,169
2875,52,176,131
2876,52,176,172
2877,54,176,156
2878,56,176,203
2879,60,176,270
2880,64,176,287
2881,68,176,315
2882,68,177,321
2883,67,176,306
2884,67,176,293
2885,66,176,313
2886,67,176,314
2887,66,177,300
2888,66,177,308
2889,66,178,336
2890,66,177,299
2891,64,177,297
2892,65,178,294
2893,65,178,287
2894,63,178,277
2895,63,179,254
2896,63,179,275
2897,61,179,252
2898,60,179,238
2899,60,179,237
2900,57,180,216
2901,56,180,216
2902,57,180,181
2903,51,180,149
2904,44,180,107
2905,44,180,107
2906,44,180,160
2907,46,180,170
2908,44,180,158
2909,44,180,158
2910,45,180,171
2911,46,180,177
2912,46,180,177
2913,49,180,193
2914,49,179,193
2915,49,179,173
2916,48,180,182
2917,48,180,180
2918,47,179,175
2919,47,180,175
2920,46,179,156
2921,45,180,173
2922,44,181,162
2923,44,180,162
2924,46,181,168
2925,44,180,160
2926,44,180,160
2927,43,180,141
2928,43,180,143
2929,39,180,127
2930,39,180,127
2931,41,179,128
2932,46,179,158
2933,46,179,159
2934,45,179,130
2935,44,178,146
2936,46,179,152
2937,46,178,152
2938,44,178,142
2939,44,178,163
2940,45,178,164
2941,45,179,164
2942,45,178,166
2943,45,179,161
2944,46,178,178
2945,46,177,178
2946,45,177,156
2947,45,177,158
2948,45,177,174
2949,45,177,174
2950,47,177,185
2951,49,177,197
2952,50,177,198
2953,51,177,198
2954,49,178,194
2955,49,177,194
2956,50,177,202
2957,51,177,199
2958,51,177,203
2959,52,177,216
2960,50,177,196
2961,50,177,196
2962,50,177,199
2963,50,178,192
2964,49,179,193
2965,49,179,194
2966,50,178,196
2967,50,178,196
2968,49,178,191
2969,50,180,206
2970,49,178,176
2971,49,178,201
2972,52,180,214
2973,52,179,214
2974,49,179,180
2975,49,180,190
2976,49,179,183
2977,48,180,174
2978,48,178,173
2979,47,179,182
2980,47,178,163
2981,48,179,183
2982,47,179,167
2983,47,178,167
2984,45,178,165
2985,46,179,157
2986,48,178,185
2987,48,178,184
2988,46,178,169
2989,47,179,175
2990,48,178,188
2991,49,178,187
2992,49,178,186
2993,49,178,192
2994,49,179,188
2995,51,179,194
2996,46,179,172
2997,46,179,172
2998,48,179,187
2999,50,180,206
3000,50,181,190
3001,50,181,202
3002,49,180,195
3003,49,179,195
3004,50,179,198
3005,48,180,167
3006,48,179,181
3007,47,179,178
3008,47,179,178
3009,46,179,180
3010,47,179,173
3011,47,178,179
3012,47,179,179
3013,46,179,175
3014,49,179,192
3015,54,177,230
3016,57,177,251
3017,64,177,309
3018,65,177,290
3019,64,178,282
3020,62,177,273
3021,63,177,286
3022,63,177,293
3023,64,177,279
3024,59,177,245
3025,64,177,272
3026,64,177,291
3027,65,177,287
3028,66,178,300
3029,67,178,308
3030,64,178,294
3031,64,178,289
3032,65,178,291
3033,61,179,233
3034,51,179,189
3035,49,179,190
3036,49,179,189
3037,49,180,190
3038,49,180,186
3039,49,180,194
3040,48,180,183
3041,48,180,177
3042,48,180,182
3043,48,180,182
3044,47,181,173
3045,48,181,180
3046,46,182,158
3047,46,181,158
3048,45,181,172
3049,45,181,174
3050,45,181,161
3051,45,181,161
3052,45,181,162
3053,45,181,165
3054,45,181,167
3055,45,181,167
3056,43,182,142
3057,45,180,166
3058,47,180,185
3059,47,180,184
3060,49,180,174
3061,50,180,210
3062,53,180,214
3063,59,179,258
3064,61,179,289
3065,66,181,316
3066,66,179,303
3067,66,179,284
3068,65,179,293
3069,66,179,283
3070,65,179,299
3071,65,179,286
3072,59,179,210
3073,59,179,210
3074,48,179,173
3075,49,179,179
3076,49,180,189
3077,50,180,190
3078,50,180,196
3079,50,180,196
3080,51,181,180
3081,49,181,171
3082,48,181,184
3083,47,181,170
3084,47,181,170
3085,48,181,158
3086,47,181,170
3087,47,181,177
3088,47,181,177
3089,47,183,171
3090,47,182,166
3091,47,183,176
3092,47,181,170
3093,47,182,171
3094,46,181,167
3095,44,181,141
3096,44,181,141
3097,46,181,170
3098,48,181,189
3099,50,181,208
3100,52,181,206
3101,57,181,230
3102,56,181,211
3103,53,180,230
3104,56,180,245
3105,62,181,254
3106,61,180,258
3107,60,180,260
3108,60,180,261
3109,65,180,321
3110,65,180,292
3111,65,180,292
3112,65,180,274
3113,64,180,276
3114,62,180,254
3115,63,180,272
3116,64,180,277
3117,71,181,237
3118,66,180,213
3119,67,180,228
3120,71,180,240
3121,74,180,219
3122,74,181,228
3123,76,180,227
3124,77,180,243
3125,75,180,200
3126,71,180,185
3127,71,180,222
3128,73,180,224
3129,74,180,248
3130,76,180,228
3131,75,180,198
3132,73,180,234
3133,74,180,245
3134,74,180,256
3135,74,180,230
3136,71,180,233
3137,70,180,248
3138,73,180,270
3139,75,180,282
3140,74,180,241
3141,73,180,246
3142,71,180,238
3143,67,180,216
3144,69,180,268
3145,76,180,217
3146,75,180,193
3147,79,180,207
3148,84,180,182
3149,84,180,149
3150,84,181,172
3151,87,180,235
3152,81,180,325
3153,82,180,295
3154,79,180,291
3155,79,180,330
3156,79,180,309
3157,78,180,271
3158,77,180,257
3159,81,180,226
3160,80,180,228
3161,80,181,174
3162,76,181,200
3163,78,181,209
3164,82,181,211
3165,82,182,209
3166,82,181,206
3167,81,181,207
3168,83,181,205
3169,80,181,203
3170,80,181,207
3171,79,181,183
3172,78,181,198
3173,78,181,190
3174,77,180,169
3175,76,180,184
3176,77,180,176
3177,77,180,184
3178,80,180,172
3179,81,180,180
3180,79,181,247
3181,80,180,265
3182,80,180,238
3183,79,180,246
3184,80,180,251
3185,76,180,215
3186,70,179,197
3187,71,179,230
3188,72,179,192
3189,73,179,200
3190,77,180,176
3191,74,180,164
3192,61,180,156
3193,65,180,152
3194,68,180,177
3195,75,180,167
3196,78,180,188
3197,82,180,175
3198,81,180,185
3199,89,180,173
3200,85,180,169
3201,87,180,189
3202,87,180,204
3203,88,179,196
3204,83,180,185
3205,80,179,221
3206,81,179,218
3207,78,179,243
3208,67,179,231
3209,68,179,214
